9384 0
887 1
2778 2
6916 3
7794 4
8336 5
5387 6
493 7
6650 8
1422 9
2363 10
28 11
8691 12
60 13
7764 14
3927 15
541 16
3427 17
9173 18
5737 19
5212 20
5369 21
2568 22
6430 23
5783 24
1531 25
2863 26
5124 27
4068 28
3136 29
3930 30
9803 31
4023 32
3059 33
3070 34
8168 35
1394 36
8457 37
5012 38
8043 39
6230 40
7374 41
4422 42
4920 43
3785 44
8538 45
5199 46
4325 47
8316 48
4371 49
6414 50
3527 51
6092 52
8981 53
9957 54
1874 55
6863 56
9171 57
6997 58
7282 59
2306 60
926 61
7085 62
6328 63
337 64
6506 65
847 66
1730 67
1314 68
5858 69
6125 70
3896 71
9583 72
546 73
8815 74
3368 75
5435 76
365 77
4044 78
3751 79
1088 80
6809 81
7277 82
7179 83
5789 84
3585 85
5404 86
2652 87
2755 88
2400 89
9933 90
5061 91
9677 92
3369 93
7740 94
13 95
6227 96
8587 97
8095 98
7540 99
796 100
571 101
1435 102
379 103
7468 104
6602 105
98 106
2903 107
3318 108
6653 109
757 110
7302 111
281 112
4287 113
9442 114
3866 115
9690 116
8445 117
6620 118
8441 119
4730 120
8032 121
8118 122
8098 123
5772 124
4482 125
676 126
710 127
8928 128
4568 129
7857 130
9498 131
2354 132
4587 133
6966 134
5307 135
4684 136
6220 137
8625 138
1529 139
2872 140
5733 141
8830 142
9504 143
20 144
8271 145
9709 146
6716 147
6341 148
8150 149
7797 150
724 151
2619 152
2246 153
2847 154
3452 155
2922 156
3556 157
2380 158
7489 159
7765 160
8229 161
9842 162
2351 163
5194 164
1501 165
7035 166
125 167
4915 168
6988 169
5857 170
3744 171
6492 172
2228 173
8366 174
9860 175
1937 176
1433 177
2552 178
6438 179
9229 180
3276 181
5408 182
1475 183
6122 184
8859 185
4396 186
6030 187
1238 188
8236 189
3794 190
5819 191
4429 192
6144 193
1012 194
5929 195
9530 196
8777 197
2405 198
4444 199
5764 200
4614 201
4539 202
8607 203
6841 204
2905 205
4819 206
5129 207
689 208
7370 209
7918 210
9918 211
3325 212
7744 213
9471 214
2184 215
8491 216
5500 217
9773 218
6726 219
5645 220
5591 221
7506 222
8140 223
2955 224
9787 225
7670 226
8083 227
8543 228
8465 229
198 230
9508 231
9356 232
8805 233
6349 234
8612 235
3623 236
7829 237
9300 238
7344 239
5747 240
5569 241
4341 242
5423 243
3312 244
3811 245
7606 246
1802 247
5662 248
3731 249
4879 250
1306 251
9321 252
8737 253
9445 254
8627 255
8523 256
3466 257
6709 258
3417 259
8283 260
3259 261
2925 262
7638 263
2063 264
5625 265
2601 266
2037 267
3453 268
1900 269
9380 270
5551 271
7469 272
72 273
974 274
7132 275
3882 276
4931 277
8934 278
5895 279
8661 280
164 281
7200 282
7982 283
8900 284
2997 285
2960 286
3774 287
2814 288
9669 289
7191 290
1096 291
2927 292
6467 293
5085 294
1341 295
2091 296
7685 297
3377 298
5543 299
5937 300
9108 301
7446 302
9757 303
9180 304
8419 305
6888 306
9413 307
3349 308
2173 309
1660 310
2010 311
2337 312
5211 313
6343 314
7588 315
8207 316
9302 317
7714 318
7373 319
5322 320
1256 321
4820 322
4600 323
7722 324
9905 325
5940 326
9812 327
3941 328
5668 329
1706 330
6229 331
1128 332
9151 333
5985 334
6659 335
3921 336
9225 337
2423 338
7270 339
1397 340
4082 341
5631 342
85 343
9293 344
1973 345
7673 346
3851 347
7626 348
5386 349
1223 350
6641 351
6043 352
3899 353
714 354
2299 355
6191 356
525 357
2591 358
8210 359
8582 360
8820 361
9337 362
7733 363
1156 364
5995 365
8005 366
380 367
4770 368
5274 369
1777 370
8851 371
7256 372
1861 373
8143 374
5580 375
5885 376
1994 377
3206 378
7622 379
9568 380
2505 381
614 382
1962 383
1327 384
4260 385
8945 386
8203 387
3203 388
3507 389
6785 390
2022 391
2843 392
869 393
9529 394
5190 395
8873 396
9909 397
9959 398
499 399
8037 400
8809 401
7754 402
6249 403
3304 404
3334 405
2134 406
1649 407
2891 408
9755 409
7568 410
1747 411
369 412
4501 413
8047 414
3789 415
9798 416
6250 417
6991 418
3034 419
5364 420
2498 421
254 422
4893 423
7687 424
9126 425
1153 426
3997 427
5976 428
9189 429
9158 430
3730 431
5437 432
2461 433
3415 434
3922 435
461 436
6305 437
29 438
8028 439
8051 440
6749 441
7557 442
8903 443
4795 444
7698 445
8700 446
1044 447
1040 448
2003 449
429 450
6404 451
682 452
7648 453
8539 454
6160 455
5152 456
2536 457
2135 458
4340 459
1693 460
2216 461
6128 462
505 463
5630 464
50 465
965 466
8286 467
5344 468
6336 469
3178 470
2901 471
5239 472
7972 473
6950 474
290 475
5368 476
7989 477
2293 478
5796 479
744 480
3145 481
2830 482
8391 483
1683 484
5341 485
3542 486
570 487
3827 488
4233 489
2262 490
361 491
9118 492
8024 493
6762 494
82 495
6310 496
3191 497
5426 498
8997 499
6368 500
4678 501
4235 502
691 503
1627 504
4525 505
6058 506
9615 507
3169 508
8206 509
359 510
6313 511
7387 512
5101 513
4347 514
2727 515
4995 516
4917 517
6553 518
5579 519
3530 520
8947 521
2291 522
2648 523
6971 524
9052 525
9081 526
9632 527
8594 528
858 529
8628 530
1313 531
1887 532
9215 533
8356 534
3513 535
91 536
4413 537
9480 538
9611 539
8970 540
6190 541
2275 542
6356 543
7642 544
6621 545
5434 546
8988 547
7889 548
8339 549
4567 550
7771 551
7285 552
6857 553
418 554
607 555
2261 556
5850 557
238 558
7206 559
3060 560
5218 561
8519 562
4946 563
784 564
6874 565
8459 566
874 567
4290 568
484 569
6608 570
479 571
2758 572
9315 573
4472 574
5730 575
1101 576
3460 577
3619 578
9439 579
8026 580
1389 581
3075 582
1234 583
8158 584
3682 585
3494 586
271 587
700 588
3418 589
1840 590
5570 591
8364 592
2623 593
8795 594
3174 595
9848 596
6432 597
7463 598
6683 599
9391 600
4293 601
5792 602
5058 603
5116 604
1522 605
6158 606
8575 607
1492 608
1948 609
2952 610
9232 611
5022 612
538 613
3741 614
5055 615
4031 616
4099 617
5326 618
1082 619
7517 620
3517 621
3003 622
2232 623
6140 624
1797 625
5405 626
2339 627
4581 628
9219 629
9022 630
3971 631
9863 632
4813 633
5380 634
4978 635
2686 636
1537 637
4177 638
3484 639
9208 640
9760 641
4858 642
9745 643
3500 644
9912 645
128 646
3951 647
5237 648
7561 649
7819 650
5106 651
564 652
1245 653
8712 654
1806 655
9935 656
3292 657
7376 658
8956 659
3615 660
3590 661
3769 662
8994 663
4919 664
2806 665
6883 666
4823 667
6983 668
6718 669
3094 670
1575 671
127 672
6594 673
1487 674
544 675
7815 676
4714 677
8180 678
8378 679
4763 680
5776 681
7089 682
2920 683
5711 684
6733 685
295 686
1018 687
347 688
236 689
1138 690
5692 691
5154 692
3944 693
2574 694
6329 695
9292 696
6711 697
4019 698
7218 699
6837 700
6964 701
5056 702
7091 703
3859 704
8131 705
4905 706
8572 707
2662 708
9634 709
9686 710
4790 711
3074 712
2605 713
6852 714
9806 715
9251 716
7869 717
6504 718
9486 719
9007 720
2196 721
4640 722
2950 723
1121 724
968 725
227 726
6764 727
7678 728
597 729
3982 730
866 731
9037 732
7956 733
3519 734
9212 735
2533 736
5197 737
7322 738
4985 739
4173 740
4428 741
2041 742
7284 743
73 744
7399 745
5831 746
1064 747
348 748
6951 749
2031 750
574 751
3715 752
6060 753
7523 754
4048 755
6925 756
5083 757
9436 758
1233 759
9205 760
444 761
1899 762
5487 763
5641 764
4279 765
9160 766
263 767
9263 768
9684 769
1042 770
9849 771
1724 772
8325 773
6273 774
9123 775
4155 776
7336 777
5822 778
7458 779
9366 780
2748 781
1172 782
270 783
5219 784
8702 785
1704 786
4654 787
9934 788
908 789
3960 790
6729 791
2807 792
5798 793
8721 794
1309 795
5335 796
2699 797
992 798
6377 799
8899 800
2716 801
1053 802
5172 803
8190 804
1560 805
2507 806
4011 807
9017 808
8225 809
3110 810
6540 811
1 812
3379 813
8110 814
5054 815
5082 816
9115 817
1339 818
5990 819
9427 820
8068 821
5148 822
5224 823
6788 824
6533 825
2123 826
1282 827
3876 828
4851 829
180 830
6591 831
2255 832
5351 833
1132 834
3814 835
7858 836
1495 837
9182 838
6082 839
4604 840
5721 841
2434 842
7983 843
182 844
7488 845
9416 846
9297 847
8826 848
8723 849
6893 850
552 851
298 852
33 853
9135 854
3182 855
8507 856
416 857
7058 858
596 859
10000 860
1963 861
2298 862
7484 863
5777 864
155 865
8978 866
1310 867
2588 868
3383 869
4267 870
3564 871
8861 872
3683 873
7686 874
9087 875
4286 876
931 877
5991 878
4584 879
7315 880
1477 881
4117 882
5821 883
1893 884
7526 885
5529 886
8840 887
7491 888
1137 889
1361 890
9619 891
7644 892
338 893
929 894
6583 895
6622 896
4311 897
889 898
4226 899
6816 900
4571 901
3438 902
854 903
9 904
7723 905
1784 906
8658 907
9098 908
3828 909
9127 910
1270 911
2072 912
6652 913
3150 914
911 915
529 916
640 917
8399 918
1889 919
6611 920
2394 921
8578 922
3891 923
8977 924
5200 925
4553 926
6932 927
6088 928
8778 929
100 930
658 931
8567 932
953 933
7018 934
2642 935
2736 936
9369 937
1299 938
8185 939
3196 940
6777 941
5806 942
5267 943
3429 944
8955 945
2529 946
309 947
9594 948
7279 949
2198 950
2556 951
9673 952
775 953
6446 954
5001 955
2326 956
998 957
8284 958
8413 959
8383 960
5422 961
4694 962
9335 963
2440 964
7335 965
8422 966
8160 967
4986 968
2958 969
1355 970
1762 971
8763 972
2973 973
1542 974
7717 975
1853 976
1851 977
3663 978
5483 979
400 980
6218 981
5155 982
1174 983
9016 984
6507 985
9852 986
6365 987
4791 988
8264 989
2492 990
3173 991
38 992
3538 993
8860 994
8829 995
872 996
7281 997
8342 998
5353 999
